 [
  -1.405035 -1.405035 1.333209 -1.405035 -1.405035 
  -1.405035 -1.405035 -1.405035 -1.405035 -1.405035 
  -1.405035 -1.405035 0.5352134 -1.405035 -1.405035 
  -1.405035 -1.405035 -1.405035 0.104302 -1.405035 
  -1.405035 -1.405035 -1.405035 -1.405035 -0.7815078 
  -1.405035 -1.405035 -1.405035 -1.405035 -1.405035 
  -1.405035 -0.4590815 -1.405035 -1.405035 -1.405035 
  1.458841 -1.405035 -1.405035 -1.405035 -1.405035 
  -1.405035 -1.405035 1.163937 -1.405035 -1.405035 
  -1.405035 -1.405035 -0.1902368 -1.405035 -1.405035 
  -1.268565 1.303645 -1.405035 -1.405035 -1.405035 
  -1.405035 -1.405035 -1.808355 -1.093505 -1.405035 
  -1.405035 -1.405035 0.5110317 -0.4706453 -1.405035 
  -1.405035 -0.2871082 -1.405035 -0.5185577 -1.405035 ]
